(kicad_pcb (version 20171130) (host pcbnew "(5.1.2)-2")

  (general
    (thickness 1.6)
    (drawings 73)
    (tracks 1073)
    (zones 0)
    (modules 52)
    (nets 77)
  )

  (page A4)
  (layers
    (0 F.Cu signal)
    (31 B.Cu signal)
    (32 B.Adhes user)
    (33 F.Adhes user)
    (34 B.Paste user)
    (35 F.Paste user)
    (36 B.SilkS user)
    (37 F.SilkS user)
    (38 B.Mask user)
    (39 F.Mask user)
    (40 Dwgs.User user)
    (41 Cmts.User user)
    (42 Eco1.User user)
    (43 Eco2.User user)
    (44 Edge.Cuts user)
    (45 Margin user)
    (46 B.CrtYd user)
    (47 F.CrtYd user)
    (48 B.Fab user)
    (49 F.Fab user)
  )

  (setup
    (last_trace_width 0.35)
    (trace_clearance 0.2)
    (zone_clearance 0.508)
    (zone_45_only no)
    (trace_min 0.2)
    (via_size 0.8)
    (via_drill 0.4)
    (via_min_size 0.4)
    (via_min_drill 0.3)
    (uvia_size 0.3)
    (uvia_drill 0.1)
    (uvias_allowed no)
    (uvia_min_size 0.2)
    (uvia_min_drill 0.1)
    (edge_width 0.05)
    (segment_width 0.2)
    (pcb_text_width 0.3)
    (pcb_text_size 1.5 1.5)
    (mod_edge_width 0.12)
    (mod_text_size 1 1)
    (mod_text_width 0.15)
    (pad_size 1.524 1.524)
    (pad_drill 0.762)
    (pad_to_mask_clearance 0.051)
    (solder_mask_min_width 0.25)
    (aux_axis_origin 0 0)
    (visible_elements FFFFFF7F)
    (pcbplotparams
      (layerselection 0x010fc_ffffffff)
      (usegerberextensions false)
      (usegerberattributes false)
      (usegerberadvancedattributes false)
      (creategerberjobfile false)
      (excludeedgelayer true)
      (linewidth 0.100000)
      (plotframeref false)
      (viasonmask false)
      (mode 1)
      (useauxorigin false)
      (hpglpennumber 1)
      (hpglpenspeed 20)
      (hpglpendiameter 15.000000)
      (psnegative false)
      (psa4output false)
      (plotreference true)
      (plotvalue true)
      (plotinvisibletext false)
      (padsonsilk false)
      (subtractmaskfromsilk false)
      (outputformat 1)
      (mirror false)
      (drillshape 1)
      (scaleselection 1)
      (outputdirectory ""))
  )

  (net 0 "")
  (net 1 +3V3)
  (net 2 GND)
  (net 3 VBUS)
  (net 4 ESP_RST)
  (net 5 "Net-(C9-Pad1)")
  (net 6 "Net-(C10-Pad1)")
  (net 7 "Net-(D1-Pad2)")
  (net 8 IO16)
  (net 9 "Net-(D2-Pad1)")
  (net 10 "Net-(D2-Pad2)")
  (net 11 "Net-(D3-Pad2)")
  (net 12 "Net-(D3-Pad1)")
  (net 13 "Net-(D4-Pad1)")
  (net 14 USB_D-)
  (net 15 USB_D+)
  (net 16 "Net-(J1-Pad4)")
  (net 17 PB0)
  (net 18 PB1)
  (net 19 PB2)
  (net 20 PB3)
  (net 21 PB4)
  (net 22 PB5)
  (net 23 PB6)
  (net 24 PB7)
  (net 25 IO15)
  (net 26 IO14)
  (net 27 IO13)
  (net 28 IO12)
  (net 29 IO5)
  (net 30 IO4)
  (net 31 IO2)
  (net 32 IO0)
  (net 33 ADC1)
  (net 34 AVR_RST)
  (net 35 PD1)
  (net 36 PD2)
  (net 37 PD3)
  (net 38 PD4)
  (net 39 PD5)
  (net 40 PD6)
  (net 41 PD7)
  (net 42 PC7)
  (net 43 PC6)
  (net 44 PC5)
  (net 45 PC4)
  (net 46 PC3)
  (net 47 PC2)
  (net 48 PC1)
  (net 49 PC0)
  (net 50 "Net-(R1-Pad1)")
  (net 51 EN)
  (net 52 "Net-(R12-Pad2)")
  (net 53 "Net-(U1-Pad9)")
  (net 54 "Net-(U1-Pad10)")
  (net 55 "Net-(U1-Pad11)")
  (net 56 "Net-(U1-Pad12)")
  (net 57 "Net-(U1-Pad13)")
  (net 58 "Net-(U1-Pad14)")
  (net 59 ESP_RX)
  (net 60 ESP_TX)
  (net 61 "Net-(U2-Pad6)")
  (net 62 "Net-(U2-Pad9)")
  (net 63 "Net-(U2-Pad10)")
  (net 64 "Net-(U2-Pad11)")
  (net 65 "Net-(U2-Pad12)")
  (net 66 "Net-(U2-Pad13)")
  (net 67 "Net-(U2-Pad14)")
  (net 68 "Net-(U2-Pad26)")
  (net 69 "Net-(U2-Pad27)")
  (net 70 "Net-(U2-Pad28)")
  (net 71 "Net-(D5-Pad2)")
  (net 72 "Net-(D6-Pad2)")
  (net 73 "Net-(Q1-Pad2)")
  (net 74 RTS)
  (net 75 DTR)
  (net 76 "Net-(Q2-Pad2)")

  (net_class Default "This is the default net class."
    (clearance 0.2)
    (trace_width 0.35)
    (via_dia 0.8)
    (via_drill 0.4)
    (uvia_dia 0.3)
    (uvia_drill 0.1)
    (add_net ADC1)
    (add_net AVR_RST)
    (add_net DTR)
    (add_net EN)
    (add_net ESP_RST)
    (add_net ESP_RX)
    (add_net ESP_TX)
    (add_net IO0)
    (add_net IO12)
    (add_net IO13)
    (add_net IO14)
    (add_net IO15)
    (add_net IO16)
    (add_net IO2)
    (add_net IO4)
    (add_net IO5)
    (add_net "Net-(C10-Pad1)")
    (add_net "Net-(C9-Pad1)")
    (add_net "Net-(D1-Pad2)")
    (add_net "Net-(D2-Pad1)")
    (add_net "Net-(D2-Pad2)")
    (add_net "Net-(D3-Pad1)")
    (add_net "Net-(D3-Pad2)")
    (add_net "Net-(D4-Pad1)")
    (add_net "Net-(D5-Pad2)")
    (add_net "Net-(D6-Pad2)")
    (add_net "Net-(J1-Pad4)")
    (add_net "Net-(Q1-Pad2)")
    (add_net "Net-(Q2-Pad2)")
    (add_net "Net-(R1-Pad1)")
    (add_net "Net-(R12-Pad2)")
    (add_net "Net-(U1-Pad10)")
    (add_net "Net-(U1-Pad11)")
    (add_net "Net-(U1-Pad12)")
    (add_net "Net-(U1-Pad13)")
    (add_net "Net-(U1-Pad14)")
    (add_net "Net-(U1-Pad9)")
    (add_net "Net-(U2-Pad10)")
    (add_net "Net-(U2-Pad11)")
    (add_net "Net-(U2-Pad12)")
    (add_net "Net-(U2-Pad13)")
    (add_net "Net-(U2-Pad14)")
    (add_net "Net-(U2-Pad26)")
    (add_net "Net-(U2-Pad27)")
    (add_net "Net-(U2-Pad28)")
    (add_net "Net-(U2-Pad6)")
    (add_net "Net-(U2-Pad9)")
    (add_net PB0)
    (add_net PB1)
    (add_net PB2)
    (add_net PB3)
    (add_net PB4)
    (add_net PB5)
    (add_net PB6)
    (add_net PB7)
    (add_net PC0)
    (add_net PC1)
    (add_net PC2)
    (add_net PC3)
    (add_net PC4)
    (add_net PC5)
    (add_net PC6)
    (add_net PC7)
    (add_net PD1)
    (add_net PD2)
    (add_net PD3)
    (add_net PD4)
    (add_net PD5)
    (add_net PD6)
    (add_net PD7)
    (add_net RTS)
    (add_net USB_D+)
    (add_net USB_D-)
  )

  (net_class POWER ""
    (clearance 0.2)
    (trace_width 0.4)
    (via_dia 0.8)
    (via_drill 0.4)
    (uvia_dia 0.3)
    (uvia_drill 0.1)
    (add_net +3V3)
    (add_net GND)
    (add_net VBUS)
  )

  (module LED_SMD:LED_0805_2012Metric (layer F.Cu) (tedit 5B36C52C) (tstamp 5F0ABD5A)
    (at 101.8625 184)
    (descr "LED SMD 0805 (2012 Metric), square (rectangular) end terminal, IPC_7351 nominal, (Body size source: https://docs.google.com/spreadsheets/d/1BsfQQcO9C6DZCsRaXUlFlo91Tg2WpOkGARC1WS5S8t0/edit?usp=sharing), generated with kicad-footprint-generator")
    (tags diode)
    (path /5F34A6D4)
    (attr smd)
    (fp_text reference D5 (at -2.8625 0) (layer F.SilkS)
      (effects (font (size 1 1) (thickness 0.15)))
    )
    (fp_text value BLUE (at 0 1.65) (layer F.Fab)
      (effects (font (size 1 1) (thickness 0.15)))
    )
    (fp_text user %R (at 0 0) (layer F.Fab)
      (effects (font (size 0.5 0.5) (thickness 0.08)))
    )
    (fp_line (start 1.68 0.95) (end -1.68 0.95) (layer F.CrtYd) (width 0.05))
    (fp_line (start 1.68 -0.95) (end 1.68 0.95) (layer F.CrtYd) (width 0.05))
    (fp_line (start -1.68 -0.95) (end 1.68 -0.95) (layer F.CrtYd) (width 0.05))
    (fp_line (start -1.68 0.95) (end -1.68 -0.95) (layer F.CrtYd) (width 0.05))
    (fp_line (start -1.685 0.96) (end 1 0.96) (layer F.SilkS) (width 0.12))
    (fp_line (start -1.685 -0.96) (end -1.685 0.96) (layer F.SilkS) (width 0.12))
    (fp_line (start 1 -0.96) (end -1.685 -0.96) (layer F.SilkS) (width 0.12))
    (fp_line (start 1 0.6) (end 1 -0.6) (layer F.Fab) (width 0.1))
    (fp_line (start -1 0.6) (end 1 0.6) (layer F.Fab) (width 0.1))
    (fp_line (start -1 -0.3) (end -1 0.6) (layer F.Fab) (width 0.1))
    (fp_line (start -0.7 -0.6) (end -1 -0.3) (layer F.Fab) (width 0.1))
    (fp_line (start 1 -0.6) (end -0.7 -0.6) (layer F.Fab) (width 0.1))
    (pad 2 smd roundrect (at 0.9375 0) (size 0.975 1.4) (layers F.Cu F.Paste F.Mask) (roundrect_rratio 0.25)
      (net 71 "Net-(D5-Pad2)"))
    (pad 1 smd roundrect (at -0.9375 0) (size 0.975 1.4) (layers F.Cu F.Paste F.Mask) (roundrect_rratio 0.25)
      (net 40 PD6))
    (model ${KISYS3DMOD}/LED_SMD.3dshapes/LED_0805_2012Metric.wrl
      (at (xyz 0 0 0))
      (scale (xyz 1 1 1))
      (rotate (xyz 0 0 0))
    )
  )

  (module Capacitor_SMD:C_0805_2012Metric (layer B.Cu) (tedit 5B36C52B) (tstamp 5F08C2B0)
    (at 45.7 172.3 180)
    (descr "Capacitor SMD 0805 (2012 Metric), square (rectangular) end terminal, IPC_7351 nominal, (Body size source: https://docs.google.com/spreadsheets/d/1BsfQQcO9C6DZCsRaXUlFlo91Tg2WpOkGARC1WS5S8t0/edit?usp=sharing), generated with kicad-footprint-generator")
    (tags capacitor)
    (path /5F0A2084)
    (attr smd)
    (fp_text reference C1 (at 0 1.65) (layer B.SilkS)
      (effects (font (size 1 1) (thickness 0.15)) (justify mirror))
    )
    (fp_text value 100nF (at 0 -1.65) (layer B.Fab)
      (effects (font (size 1 1) (thickness 0.15)) (justify mirror))
    )
    (fp_text user %R (at 0 0) (layer B.Fab)
      (effects (font (size 0.5 0.5) (thickness 0.08)) (justify mirror))
    )
    (fp_line (start 1.68 -0.95) (end -1.68 -0.95) (layer B.CrtYd) (width 0.05))
    (fp_line (start 1.68 0.95) (end 1.68 -0.95) (layer B.CrtYd) (width 0.05))
    (fp_line (start -1.68 0.95) (end 1.68 0.95) (layer B.CrtYd) (width 0.05))
    (fp_line (start -1.68 -0.95) (end -1.68 0.95) (layer B.CrtYd) (width 0.05))
    (fp_line (start -0.258578 -0.71) (end 0.258578 -0.71) (layer B.SilkS) (width 0.12))
    (fp_line (start -0.258578 0.71) (end 0.258578 0.71) (layer B.SilkS) (width 0.12))
    (fp_line (start 1 -0.6) (end -1 -0.6) (layer B.Fab) (width 0.1))
    (fp_line (start 1 0.6) (end 1 -0.6) (layer B.Fab) (width 0.1))
    (fp_line (start -1 0.6) (end 1 0.6) (layer B.Fab) (width 0.1))
    (fp_line (start -1 -0.6) (end -1 0.6) (layer B.Fab) (width 0.1))
    (pad 2 smd roundrect (at 0.9375 0 180) (size 0.975 1.4) (layers B.Cu B.Paste B.Mask) (roundrect_rratio 0.25)
      (net 1 +3V3))
    (pad 1 smd roundrect (at -0.9375 0 180) (size 0.975 1.4) (layers B.Cu B.Paste B.Mask) (roundrect_rratio 0.25)
      (net 2 GND))
    (model ${KISYS3DMOD}/Capacitor_SMD.3dshapes/C_0805_2012Metric.wrl
      (at (xyz 0 0 0))
      (scale (xyz 1 1 1))
      (rotate (xyz 0 0 0))
    )
  )

  (module Capacitor_SMD:C_0805_2012Metric (layer B.Cu) (tedit 5B36C52B) (tstamp 5F08C2C1)
    (at 76.073 166.878 180)
    (descr "Capacitor SMD 0805 (2012 Metric), square (rectangular) end terminal, IPC_7351 nominal, (Body size source: https://docs.google.com/spreadsheets/d/1BsfQQcO9C6DZCsRaXUlFlo91Tg2WpOkGARC1WS5S8t0/edit?usp=sharing), generated with kicad-footprint-generator")
    (tags capacitor)
    (path /5F10CA1F)
    (attr smd)
    (fp_text reference C2 (at 0 1.65) (layer B.SilkS)
      (effects (font (size 1 1) (thickness 0.15)) (justify mirror))
    )
    (fp_text value 100nF (at 0 -1.65) (layer B.Fab)
      (effects (font (size 1 1) (thickness 0.15)) (justify mirror))
    )
    (fp_line (start -1 -0.6) (end -1 0.6) (layer B.Fab) (width 0.1))
    (fp_line (start -1 0.6) (end 1 0.6) (layer B.Fab) (width 0.1))
    (fp_line (start 1 0.6) (end 1 -0.6) (layer B.Fab) (width 0.1))
    (fp_line (start 1 -0.6) (end -1 -0.6) (layer B.Fab) (width 0.1))
    (fp_line (start -0.258578 0.71) (end 0.258578 0.71) (layer B.SilkS) (width 0.12))
    (fp_line (start -0.258578 -0.71) (end 0.258578 -0.71) (layer B.SilkS) (width 0.12))
    (fp_line (start -1.68 -0.95) (end -1.68 0.95) (layer B.CrtYd) (width 0.05))
    (fp_line (start -1.68 0.95) (end 1.68 0.95) (layer B.CrtYd) (width 0.05))
    (fp_line (start 1.68 0.95) (end 1.68 -0.95) (layer B.CrtYd) (width 0.05))
    (fp_line (start 1.68 -0.95) (end -1.68 -0.95) (layer B.CrtYd) (width 0.05))
    (fp_text user %R (at 0 0) (layer B.Fab)
      (effects (font (size 0.5 0.5) (thickness 0.08)) (justify mirror))
    )
    (pad 1 smd roundrect (at -0.9375 0 180) (size 0.975 1.4) (layers B.Cu B.Paste B.Mask) (roundrect_rratio 0.25)
      (net 2 GND))
    (pad 2 smd roundrect (at 0.9375 0 180) (size 0.975 1.4) (layers B.Cu B.Paste B.Mask) (roundrect_rratio 0.25)
      (net 1 +3V3))
    (model ${KISYS3DMOD}/Capacitor_SMD.3dshapes/C_0805_2012Metric.wrl
      (at (xyz 0 0 0))
      (scale (xyz 1 1 1))
      (rotate (xyz 0 0 0))
    )
  )

  (module Capacitor_SMD:CP_Elec_4x5.3 (layer F.Cu) (tedit 5BCA39CF) (tstamp 5F099BEC)
    (at 33.1 181.4 270)
    (descr "SMD capacitor, aluminum electrolytic, Vishay, 4.0x5.3mm")
    (tags "capacitor electrolytic")
    (path /5F099519)
    (attr smd)
    (fp_text reference C3 (at 4.445 0 90) (layer F.SilkS)
      (effects (font (size 1 1) (thickness 0.15)))
    )
    (fp_text value 10uF (at 0 3.2 90) (layer F.Fab)
      (effects (font (size 1 1) (thickness 0.15)))
    )
    (fp_text user %R (at 0 0 90) (layer F.Fab)
      (effects (font (size 0.8 0.8) (thickness 0.12)))
    )
    (fp_line (start -3.35 1.05) (end -2.4 1.05) (layer F.CrtYd) (width 0.05))
    (fp_line (start -3.35 -1.05) (end -3.35 1.05) (layer F.CrtYd) (width 0.05))
    (fp_line (start -2.4 -1.05) (end -3.35 -1.05) (layer F.CrtYd) (width 0.05))
    (fp_line (start -2.4 1.05) (end -2.4 1.25) (layer F.CrtYd) (width 0.05))
    (fp_line (start -2.4 -1.25) (end -2.4 -1.05) (layer F.CrtYd) (width 0.05))
    (fp_line (start -2.4 -1.25) (end -1.25 -2.4) (layer F.CrtYd) (width 0.05))
    (fp_line (start -2.4 1.25) (end -1.25 2.4) (layer F.CrtYd) (width 0.05))
    (fp_line (start -1.25 -2.4) (end 2.4 -2.4) (layer F.CrtYd) (width 0.05))
    (fp_line (start -1.25 2.4) (end 2.4 2.4) (layer F.CrtYd) (width 0.05))
    (fp_line (start 2.4 1.05) (end 2.4 2.4) (layer F.CrtYd) (width 0.05))
    (fp_line (start 3.35 1.05) (end 2.4 1.05) (layer F.CrtYd) (width 0.05))
    (fp_line (start 3.35 -1.05) (end 3.35 1.05) (layer F.CrtYd) (width 0.05))
    (fp_line (start 2.4 -1.05) (end 3.35 -1.05) (layer F.CrtYd) (width 0.05))
    (fp_line (start 2.4 -2.4) (end 2.4 -1.05) (layer F.CrtYd) (width 0.05))
    (fp_line (start -2.75 -1.81) (end -2.75 -1.31) (layer F.SilkS) (width 0.12))
    (fp_line (start -3 -1.56) (end -2.5 -1.56) (layer F.SilkS) (width 0.12))
    (fp_line (start -2.26 1.195563) (end -1.195563 2.26) (layer F.SilkS) (width 0.12))
    (fp_line (start -2.26 -1.195563) (end -1.195563 -2.26) (layer F.SilkS) (width 0.12))
    (fp_line (start -2.26 -1.195563) (end -2.26 -1.06) (layer F.SilkS) (width 0.12))
    (fp_line (start -2.26 1.195563) (end -2.26 1.06) (layer F.SilkS) (width 0.12))
    (fp_line (start -1.195563 2.26) (end 2.26 2.26) (layer F.SilkS) (width 0.12))
    (fp_line (start -1.195563 -2.26) (end 2.26 -2.26) (layer F.SilkS) (width 0.12))
    (fp_line (start 2.26 -2.26) (end 2.26 -1.06) (layer F.SilkS) (width 0.12))
    (fp_line (start 2.26 2.26) (end 2.26 1.06) (layer F.SilkS) (width 0.12))
    (fp_line (start -1.374773 -1.2) (end -1.374773 -0.8) (layer F.Fab) (width 0.1))
    (fp_line (start -1.574773 -1) (end -1.174773 -1) (layer F.Fab) (width 0.1))
    (fp_line (start -2.15 1.15) (end -1.15 2.15) (layer F.Fab) (width 0.1))
    (fp_line (start -2.15 -1.15) (end -1.15 -2.15) (layer F.Fab) (width 0.1))
    (fp_line (start -2.15 -1.15) (end -2.15 1.15) (layer F.Fab) (width 0.1))
    (fp_line (start -1.15 2.15) (end 2.15 2.15) (layer F.Fab) (width 0.1))
    (fp_line (start -1.15 -2.15) (end 2.15 -2.15) (layer F.Fab) (width 0.1))
    (fp_line (start 2.15 -2.15) (end 2.15 2.15) (layer F.Fab) (width 0.1))
    (fp_circle (center 0 0) (end 2 0) (layer F.Fab) (width 0.1))
    (pad 2 smd roundrect (at 1.8 0 270) (size 2.6 1.6) (layers F.Cu F.Paste F.Mask) (roundrect_rratio 0.15625)
      (net 2 GND))
    (pad 1 smd roundrect (at -1.8 0 270) (size 2.6 1.6) (layers F.Cu F.Paste F.Mask) (roundrect_rratio 0.15625)
      (net 3 VBUS))
    (model ${KISYS3DMOD}/Capacitor_SMD.3dshapes/CP_Elec_4x5.3.wrl
      (at (xyz 0 0 0))
      (scale (xyz 1 1 1))
      (rotate (xyz 0 0 0))
    )
  )

  (module Capacitor_SMD:C_0805_2012Metric (layer F.Cu) (tedit 5B36C52B) (tstamp 5F08C2FA)
    (at 31 166.3)
    (descr "Capacitor SMD 0805 (2012 Metric), square (rectangular) end terminal, IPC_7351 nominal, (Body size source: https://docs.google.com/spreadsheets/d/1BsfQQcO9C6DZCsRaXUlFlo91Tg2WpOkGARC1WS5S8t0/edit?usp=sharing), generated with kicad-footprint-generator")
    (tags capacitor)
    (path /5F0A4F6F)
    (attr smd)
    (fp_text reference C4 (at 0 -1.65) (layer F.SilkS)
      (effects (font (size 1 1) (thickness 0.15)))
    )
    (fp_text value 100nF (at 0 1.65) (layer F.Fab)
      (effects (font (size 1 1) (thickness 0.15)))
    )
    (fp_line (start -1 0.6) (end -1 -0.6) (layer F.Fab) (width 0.1))
    (fp_line (start -1 -0.6) (end 1 -0.6) (layer F.Fab) (width 0.1))
    (fp_line (start 1 -0.6) (end 1 0.6) (layer F.Fab) (width 0.1))
    (fp_line (start 1 0.6) (end -1 0.6) (layer F.Fab) (width 0.1))
    (fp_line (start -0.258578 -0.71) (end 0.258578 -0.71) (layer F.SilkS) (width 0.12))
    (fp_line (start -0.258578 0.71) (end 0.258578 0.71) (layer F.SilkS) (width 0.12))
    (fp_line (start -1.68 0.95) (end -1.68 -0.95) (layer F.CrtYd) (width 0.05))
    (fp_line (start -1.68 -0.95) (end 1.68 -0.95) (layer F.CrtYd) (width 0.05))
    (fp_line (start 1.68 -0.95) (end 1.68 0.95) (layer F.CrtYd) (width 0.05))
    (fp_line (start 1.68 0.95) (end -1.68 0.95) (layer F.CrtYd) (width 0.05))
    (fp_text user %R (at 0 0) (layer F.Fab)
      (effects (font (size 0.5 0.5) (thickness 0.08)))
    )
    (pad 1 smd roundrect (at -0.9375 0) (size 0.975 1.4) (layers F.Cu F.Paste F.Mask) (roundrect_rratio 0.25)
      (net 2 GND))
    (pad 2 smd roundrect (at 0.9375 0) (size 0.975 1.4) (layers F.Cu F.Paste F.Mask) (roundrect_rratio 0.25)
      (net 3 VBUS))
    (model ${KISYS3DMOD}/Capacitor_SMD.3dshapes/C_0805_2012Metric.wrl
      (at (xyz 0 0 0))
      (scale (xyz 1 1 1))
      (rotate (xyz 0 0 0))
    )
  )

  (module Capacitor_SMD:CP_Elec_4x5.3 (layer F.Cu) (tedit 5BCA39CF) (tstamp 5F08C322)
    (at 40.1 181.4 270)
    (descr "SMD capacitor, aluminum electrolytic, Vishay, 4.0x5.3mm")
    (tags "capacitor electrolytic")
    (path /5F09A6A3)
    (attr smd)
    (fp_text reference C5 (at 4.318 0 90) (layer F.SilkS)
      (effects (font (size 1 1) (thickness 0.15)))
    )
    (fp_text value 10uF (at 0 3.2 90) (layer F.Fab)
      (effects (font (size 1 1) (thickness 0.15)))
    )
    (fp_circle (center 0 0) (end 2 0) (layer F.Fab) (width 0.1))
    (fp_line (start 2.15 -2.15) (end 2.15 2.15) (layer F.Fab) (width 0.1))
    (fp_line (start -1.15 -2.15) (end 2.15 -2.15) (layer F.Fab) (width 0.1))
    (fp_line (start -1.15 2.15) (end 2.15 2.15) (layer F.Fab) (width 0.1))
    (fp_line (start -2.15 -1.15) (end -2.15 1.15) (layer F.Fab) (width 0.1))
    (fp_line (start -2.15 -1.15) (end -1.15 -2.15) (layer F.Fab) (width 0.1))
    (fp_line (start -2.15 1.15) (end -1.15 2.15) (layer F.Fab) (width 0.1))
    (fp_line (start -1.574773 -1) (end -1.174773 -1) (layer F.Fab) (width 0.1))
    (fp_line (start -1.374773 -1.2) (end -1.374773 -0.8) (layer F.Fab) (width 0.1))
    (fp_line (start 2.26 2.26) (end 2.26 1.06) (layer F.SilkS) (width 0.12))
    (fp_line (start 2.26 -2.26) (end 2.26 -1.06) (layer F.SilkS) (width 0.12))
    (fp_line (start -1.195563 -2.26) (end 2.26 -2.26) (layer F.SilkS) (width 0.12))
    (fp_line (start -1.195563 2.26) (end 2.26 2.26) (layer F.SilkS) (width 0.12))
    (fp_line (start -2.26 1.195563) (end -2.26 1.06) (layer F.SilkS) (width 0.12))
    (fp_line (start -2.26 -1.195563) (end -2.26 -1.06) (layer F.SilkS) (width 0.12))
    (fp_line (start -2.26 -1.195563) (end -1.195563 -2.26) (layer F.SilkS) (width 0.12))
    (fp_line (start -2.26 1.195563) (end -1.195563 2.26) (layer F.SilkS) (width 0.12))
    (fp_line (start -3 -1.56) (end -2.5 -1.56) (layer F.SilkS) (width 0.12))
    (fp_line (start -2.75 -1.81) (end -2.75 -1.31) (layer F.SilkS) (width 0.12))
    (fp_line (start 2.4 -2.4) (end 2.4 -1.05) (layer F.CrtYd) (width 0.05))
    (fp_line (start 2.4 -1.05) (end 3.35 -1.05) (layer F.CrtYd) (width 0.05))
    (fp_line (start 3.35 -1.05) (end 3.35 1.05) (layer F.CrtYd) (width 0.05))
    (fp_line (start 3.35 1.05) (end 2.4 1.05) (layer F.CrtYd) (width 0.05))
    (fp_line (start 2.4 1.05) (end 2.4 2.4) (layer F.CrtYd) (width 0.05))
    (fp_line (start -1.25 2.4) (end 2.4 2.4) (layer F.CrtYd) (width 0.05))
    (fp_line (start -1.25 -2.4) (end 2.4 -2.4) (layer F.CrtYd) (width 0.05))
    (fp_line (start -2.4 1.25) (end -1.25 2.4) (layer F.CrtYd) (width 0.05))
    (fp_line (start -2.4 -1.25) (end -1.25 -2.4) (layer F.CrtYd) (width 0.05))
    (fp_line (start -2.4 -1.25) (end -2.4 -1.05) (layer F.CrtYd) (width 0.05))
    (fp_line (start -2.4 1.05) (end -2.4 1.25) (layer F.CrtYd) (width 0.05))
    (fp_line (start -2.4 -1.05) (end -3.35 -1.05) (layer F.CrtYd) (width 0.05))
    (fp_line (start -3.35 -1.05) (end -3.35 1.05) (layer F.CrtYd) (width 0.05))
    (fp_line (start -3.35 1.05) (end -2.4 1.05) (layer F.CrtYd) (width 0.05))
    (fp_text user %R (at 0 0 90) (layer F.Fab)
      (effects (font (size 0.8 0.8) (thickness 0.12)))
    )
    (pad 1 smd roundrect (at -1.8 0 270) (size 2.6 1.6) (layers F.Cu F.Paste F.Mask) (roundrect_rratio 0.15625)
      (net 1 +3V3))
    (pad 2 smd roundrect (at 1.8 0 270) (size 2.6 1.6) (layers F.Cu F.Paste F.Mask) (roundrect_rratio 0.15625)
      (net 2 GND))
    (model ${KISYS3DMOD}/Capacitor_SMD.3dshapes/CP_Elec_4x5.3.wrl
      (at (xyz 0 0 0))
      (scale (xyz 1 1 1))
      (rotate (xyz 0 0 0))
    )
  )

  (module Capacitor_SMD:C_0805_2012Metric (layer B.Cu) (tedit 5B36C52B) (tstamp 5F08FEB0)
    (at 116 171.9)
    (descr "Capacitor SMD 0805 (2012 Metric), square (rectangular) end terminal, IPC_7351 nominal, (Body size source: https://docs.google.com/spreadsheets/d/1BsfQQcO9C6DZCsRaXUlFlo91Tg2WpOkGARC1WS5S8t0/edit?usp=sharing), generated with kicad-footprint-generator")
    (tags capacitor)
    (path /5F0BEF8B)
    (attr smd)
    (fp_text reference C7 (at 0 1.65) (layer B.SilkS)
      (effects (font (size 1 1) (thickness 0.15)) (justify mirror))
    )
    (fp_text value 100nF (at 0 -1.65) (layer B.Fab)
      (effects (font (size 1 1) (thickness 0.15)) (justify mirror))
    )
    (fp_line (start -1 -0.6) (end -1 0.6) (layer B.Fab) (width 0.1))
    (fp_line (start -1 0.6) (end 1 0.6) (layer B.Fab) (width 0.1))
    (fp_line (start 1 0.6) (end 1 -0.6) (layer B.Fab) (width 0.1))
    (fp_line (start 1 -0.6) (end -1 -0.6) (layer B.Fab) (width 0.1))
    (fp_line (start -0.258578 0.71) (end 0.258578 0.71) (layer B.SilkS) (width 0.12))
    (fp_line (start -0.258578 -0.71) (end 0.258578 -0.71) (layer B.SilkS) (width 0.12))
    (fp_line (start -1.68 -0.95) (end -1.68 0.95) (layer B.CrtYd) (width 0.05))
    (fp_line (start -1.68 0.95) (end 1.68 0.95) (layer B.CrtYd) (width 0.05))
    (fp_line (start 1.68 0.95) (end 1.68 -0.95) (layer B.CrtYd) (width 0.05))
    (fp_line (start 1.68 -0.95) (end -1.68 -0.95) (layer B.CrtYd) (width 0.05))
    (fp_text user %R (at 0 0) (layer B.Fab)
      (effects (font (size 0.5 0.5) (thickness 0.08)) (justify mirror))
    )
    (pad 1 smd roundrect (at -0.9375 0) (size 0.975 1.4) (layers B.Cu B.Paste B.Mask) (roundrect_rratio 0.25)
      (net 3 VBUS))
    (pad 2 smd roundrect (at 0.9375 0) (size 0.975 1.4) (layers B.Cu B.Paste B.Mask) (roundrect_rratio 0.25)
      (net 2 GND))
    (model ${KISYS3DMOD}/Capacitor_SMD.3dshapes/C_0805_2012Metric.wrl
      (at (xyz 0 0 0))
      (scale (xyz 1 1 1))
      (rotate (xyz 0 0 0))
    )
  )

  (module Capacitor_SMD:C_0805_2012Metric (layer B.Cu) (tedit 5B36C52B) (tstamp 5F08C355)
    (at 99.441 170.942 180)
    (descr "Capacitor SMD 0805 (2012 Metric), square (rectangular) end terminal, IPC_7351 nominal, (Body size source: https://docs.google.com/spreadsheets/d/1BsfQQcO9C6DZCsRaXUlFlo91Tg2WpOkGARC1WS5S8t0/edit?usp=sharing), generated with kicad-footprint-generator")
    (tags capacitor)
    (path /5F0BBE91)
    (attr smd)
    (fp_text reference C8 (at 0 1.65) (layer B.SilkS)
      (effects (font (size 1 1) (thickness 0.15)) (justify mirror))
    )
    (fp_text value 100nF (at 0 -1.65) (layer B.Fab)
      (effects (font (size 1 1) (thickness 0.15)) (justify mirror))
    )
    (fp_text user %R (at 0 0) (layer B.Fab)
      (effects (font (size 0.5 0.5) (thickness 0.08)) (justify mirror))
    )
    (fp_line (start 1.68 -0.95) (end -1.68 -0.95) (layer B.CrtYd) (width 0.05))
    (fp_line (start 1.68 0.95) (end 1.68 -0.95) (layer B.CrtYd) (width 0.05))
    (fp_line (start -1.68 0.95) (end 1.68 0.95) (layer B.CrtYd) (width 0.05))
    (fp_line (start -1.68 -0.95) (end -1.68 0.95) (layer B.CrtYd) (width 0.05))
    (fp_line (start -0.258578 -0.71) (end 0.258578 -0.71) (layer B.SilkS) (width 0.12))
    (fp_line (start -0.258578 0.71) (end 0.258578 0.71) (layer B.SilkS) (width 0.12))
    (fp_line (start 1 -0.6) (end -1 -0.6) (layer B.Fab) (width 0.1))
    (fp_line (start 1 0.6) (end 1 -0.6) (layer B.Fab) (width 0.1))
    (fp_line (start -1 0.6) (end 1 0.6) (layer B.Fab) (width 0.1))
    (fp_line (start -1 -0.6) (end -1 0.6) (layer B.Fab) (width 0.1))
    (pad 2 smd roundrect (at 0.9375 0 180) (size 0.975 1.4) (layers B.Cu B.Paste B.Mask) (roundrect_rratio 0.25)
      (net 3 VBUS))
    (pad 1 smd roundrect (at -0.9375 0 180) (size 0.975 1.4) (layers B.Cu B.Paste B.Mask) (roundrect_rratio 0.25)
      (net 2 GND))
    (model ${KISYS3DMOD}/Capacitor_SMD.3dshapes/C_0805_2012Metric.wrl
      (at (xyz 0 0 0))
      (scale (xyz 1 1 1))
      (rotate (xyz 0 0 0))
    )
  )

  (module Capacitor_SMD:C_0805_2012Metric (layer B.Cu) (tedit 5B36C52B) (tstamp 5F08C366)
    (at 92.329 169.545)
    (descr "Capacitor SMD 0805 (2012 Metric), square (rectangular) end terminal, IPC_7351 nominal, (Body size source: https://docs.google.com/spreadsheets/d/1BsfQQcO9C6DZCsRaXUlFlo91Tg2WpOkGARC1WS5S8t0/edit?usp=sharing), generated with kicad-footprint-generator")
    (tags capacitor)
    (path /5F0C59B4)
    (attr smd)
    (fp_text reference C9 (at 0 1.65) (layer B.SilkS)
      (effects (font (size 1 1) (thickness 0.15)) (justify mirror))
    )
    (fp_text value 22pF (at 0 -1.65) (layer B.Fab)
      (effects (font (size 1 1) (thickness 0.15)) (justify mirror))
    )
    (fp_line (start -1 -0.6) (end -1 0.6) (layer B.Fab) (width 0.1))
    (fp_line (start -1 0.6) (end 1 0.6) (layer B.Fab) (width 0.1))
    (fp_line (start 1 0.6) (end 1 -0.6) (layer B.Fab) (width 0.1))
    (fp_line (start 1 -0.6) (end -1 -0.6) (layer B.Fab) (width 0.1))
    (fp_line (start -0.258578 0.71) (end 0.258578 0.71) (layer B.SilkS) (width 0.12))
    (fp_line (start -0.258578 -0.71) (end 0.258578 -0.71) (layer B.SilkS) (width 0.12))
    (fp_line (start -1.68 -0.95) (end -1.68 0.95) (layer B.CrtYd) (width 0.05))
    (fp_line (start -1.68 0.95) (end 1.68 0.95) (layer B.CrtYd) (width 0.05))
    (fp_line (start 1.68 0.95) (end 1.68 -0.95) (layer B.CrtYd) (width 0.05))
    (fp_line (start 1.68 -0.95) (end -1.68 -0.95) (layer B.CrtYd) (width 0.05))
    (fp_text user %R (at 0 0) (layer B.Fab)
      (effects (font (size 0.5 0.5) (thickness 0.08)) (justify mirror))
    )
    (pad 1 smd roundrect (at -0.9375 0) (size 0.975 1.4) (layers B.Cu B.Paste B.Mask) (roundrect_rratio 0.25)
      (net 5 "Net-(C9-Pad1)"))
    (pad 2 smd roundrect (at 0.9375 0) (size 0.975 1.4) (layers B.Cu B.Paste B.Mask) (roundrect_rratio 0.25)
      (net 2 GND))
    (model ${KISYS3DMOD}/Capacitor_SMD.3dshapes/C_0805_2012Metric.wrl
      (at (xyz 0 0 0))
      (scale (xyz 1 1 1))
      (rotate (xyz 0 0 0))
    )
  )

  (module Capacitor_SMD:C_0805_2012Metric (layer B.Cu) (tedit 5B36C52B) (tstamp 5F08C377)
    (at 91.948 178.054)
    (descr "Capacitor SMD 0805 (2012 Metric), square (rectangular) end terminal, IPC_7351 nominal, (Body size source: https://docs.google.com/spreadsheets/d/1BsfQQcO9C6DZCsRaXUlFlo91Tg2WpOkGARC1WS5S8t0/edit?usp=sharing), generated with kicad-footprint-generator")
    (tags capacitor)
    (path /5F0C45FD)
    (attr smd)
    (fp_text reference C10 (at 0 1.65) (layer B.SilkS)
      (effects (font (size 1 1) (thickness 0.15)) (justify mirror))
    )
    (fp_text value 22pF (at 0 -1.65) (layer B.Fab)
      (effects (font (size 1 1) (thickness 0.15)) (justify mirror))
    )
    (fp_text user %R (at 0 0) (layer B.Fab)
      (effects (font (size 0.5 0.5) (thickness 0.08)) (justify mirror))
    )
    (fp_line (start 1.68 -0.95) (end -1.68 -0.95) (layer B.CrtYd) (width 0.05))
    (fp_line (start 1.68 0.95) (end 1.68 -0.95) (layer B.CrtYd) (width 0.05))
    (fp_line (start -1.68 0.95) (end 1.68 0.95) (layer B.CrtYd) (width 0.05))
    (fp_line (start -1.68 -0.95) (end -1.68 0.95) (layer B.CrtYd) (width 0.05))
    (fp_line (start -0.258578 -0.71) (end 0.258578 -0.71) (layer B.SilkS) (width 0.12))
    (fp_line (start -0.258578 0.71) (end 0.258578 0.71) (layer B.SilkS) (width 0.12))
    (fp_line (start 1 -0.6) (end -1 -0.6) (layer B.Fab) (width 0.1))
    (fp_line (start 1 0.6) (end 1 -0.6) (layer B.Fab) (width 0.1))
    (fp_line (start -1 0.6) (end 1 0.6) (layer B.Fab) (width 0.1))
    (fp_line (start -1 -0.6) (end -1 0.6) (layer B.Fab) (width 0.1))
    (pad 2 smd roundrect (at 0.9375 0) (size 0.975 1.4) (layers B.Cu B.Paste B.Mask) (roundrect_rratio 0.25)
      (net 2 GND))
    (pad 1 smd roundrect (at -0.9375 0) (size 0.975 1.4) (layers B.Cu B.Paste B.Mask) (roundrect_rratio 0.25)
      (net 6 "Net-(C10-Pad1)"))
    (model ${KISYS3DMOD}/Capacitor_SMD.3dshapes/C_0805_2012Metric.wrl
      (at (xyz 0 0 0))
      (scale (xyz 1 1 1))
      (rotate (xyz 0 0 0))
    )
  )

  (module LED_SMD:LED_0805_2012Metric (layer F.Cu) (tedit 5B36C52C) (tstamp 5F09A857)
    (at 76.962 174.879)
    (descr "LED SMD 0805 (2012 Metric), square (rectangular) end terminal, IPC_7351 nominal, (Body size source: https://docs.google.com/spreadsheets/d/1BsfQQcO9C6DZCsRaXUlFlo91Tg2WpOkGARC1WS5S8t0/edit?usp=sharing), generated with kicad-footprint-generator")
    (tags diode)
    (path /5F1511C5)
    (attr smd)
    (fp_text reference D1 (at 0 -1.65) (layer F.SilkS)
      (effects (font (size 1 1) (thickness 0.15)))
    )
    (fp_text value BLUE (at 3.937 0.127) (layer F.Fab)
      (effects (font (size 1 1) (thickness 0.15)))
    )
    (fp_text user %R (at 0 0) (layer F.Fab)
      (effects (font (size 0.5 0.5) (thickness 0.08)))
    )
    (fp_line (start 1.68 0.95) (end -1.68 0.95) (layer F.CrtYd) (width 0.05))
    (fp_line (start 1.68 -0.95) (end 1.68 0.95) (layer F.CrtYd) (width 0.05))
    (fp_line (start -1.68 -0.95) (end 1.68 -0.95) (layer F.CrtYd) (width 0.05))
    (fp_line (start -1.68 0.95) (end -1.68 -0.95) (layer F.CrtYd) (width 0.05))
    (fp_line (start -1.685 0.96) (end 1 0.96) (layer F.SilkS) (width 0.12))
    (fp_line (start -1.685 -0.96) (end -1.685 0.96) (layer F.SilkS) (width 0.12))
    (fp_line (start 1 -0.96) (end -1.685 -0.96) (layer F.SilkS) (width 0.12))
    (fp_line (start 1 0.6) (end 1 -0.6) (layer F.Fab) (width 0.1))
    (fp_line (start -1 0.6) (end 1 0.6) (layer F.Fab) (width 0.1))
    (fp_line (start -1 -0.3) (end -1 0.6) (layer F.Fab) (width 0.1))
    (fp_line (start -0.7 -0.6) (end -1 -0.3) (layer F.Fab) (width 0.1))
    (fp_line (start 1 -0.6) (end -0.7 -0.6) (layer F.Fab) (width 0.1))
    (pad 2 smd roundrect (at 0.9375 0) (size 0.975 1.4) (layers F.Cu F.Paste F.Mask) (roundrect_rratio 0.25)
      (net 7 "Net-(D1-Pad2)"))
    (pad 1 smd roundrect (at -0.9375 0) (size 0.975 1.4) (layers F.Cu F.Paste F.Mask) (roundrect_rratio 0.25)
      (net 8 IO16))
    (model ${KISYS3DMOD}/LED_SMD.3dshapes/LED_0805_2012Metric.wrl
      (at (xyz 0 0 0))
      (scale (xyz 1 1 1))
      (rotate (xyz 0 0 0))
    )
  )

  (module LED_SMD:LED_0805_2012Metric (layer F.Cu) (tedit 5B36C52C) (tstamp 5F08C39D)
    (at 48.1 166.4)
    (descr "LED SMD 0805 (2012 Metric), square (rectangular) end terminal, IPC_7351 nominal, (Body size source: https://docs.google.com/spreadsheets/d/1BsfQQcO9C6DZCsRaXUlFlo91Tg2WpOkGARC1WS5S8t0/edit?usp=sharing), generated with kicad-footprint-generator")
    (tags diode)
    (path /5F0AA988)
    (attr smd)
    (fp_text reference D2 (at 2.7 1.2) (layer F.SilkS)
      (effects (font (size 1 1) (thickness 0.15)))
    )
    (fp_text value GREEN (at 4.191 0) (layer F.Fab)
      (effects (font (size 1 1) (thickness 0.15)))
    )
    (fp_line (start 1 -0.6) (end -0.7 -0.6) (layer F.Fab) (width 0.1))
    (fp_line (start -0.7 -0.6) (end -1 -0.3) (layer F.Fab) (width 0.1))
    (fp_line (start -1 -0.3) (end -1 0.6) (layer F.Fab) (width 0.1))
    (fp_line (start -1 0.6) (end 1 0.6) (layer F.Fab) (width 0.1))
    (fp_line (start 1 0.6) (end 1 -0.6) (layer F.Fab) (width 0.1))
    (fp_line (start 1 -0.96) (end -1.685 -0.96) (layer F.SilkS) (width 0.12))
    (fp_line (start -1.685 -0.96) (end -1.685 0.96) (layer F.SilkS) (width 0.12))
    (fp_line (start -1.685 0.96) (end 1 0.96) (layer F.SilkS) (width 0.12))
    (fp_line (start -1.68 0.95) (end -1.68 -0.95) (layer F.CrtYd) (width 0.05))
    (fp_line (start -1.68 -0.95) (end 1.68 -0.95) (layer F.CrtYd) (width 0.05))
    (fp_line (start 1.68 -0.95) (end 1.68 0.95) (layer F.CrtYd) (width 0.05))
    (fp_line (start 1.68 0.95) (end -1.68 0.95) (layer F.CrtYd) (width 0.05))
    (fp_text user %R (at 0 0) (layer F.Fab)
      (effects (font (size 0.5 0.5) (thickness 0.08)))
    )
    (pad 1 smd roundrect (at -0.9375 0) (size 0.975 1.4) (layers F.Cu F.Paste F.Mask) (roundrect_rratio 0.25)
      (net 9 "Net-(D2-Pad1)"))
    (pad 2 smd roundrect (at 0.9375 0) (size 0.975 1.4) (layers F.Cu F.Paste F.Mask) (roundrect_rratio 0.25)
      (net 10 "Net-(D2-Pad2)"))
    (model ${KISYS3DMOD}/LED_SMD.3dshapes/LED_0805_2012Metric.wrl
      (at (xyz 0 0 0))
      (scale (xyz 1 1 1))
      (rotate (xyz 0 0 0))
    )
  )

  (module LED_SMD:LED_0805_2012Metric (layer F.Cu) (tedit 5B36C52C) (tstamp 5F09D5E0)
    (at 48.1 170.3)
    (descr "LED SMD 0805 (2012 Metric), square (rectangular) end terminal, IPC_7351 nominal, (Body size source: https://docs.google.com/spreadsheets/d/1BsfQQcO9C6DZCsRaXUlFlo91Tg2WpOkGARC1WS5S8t0/edit?usp=sharing), generated with kicad-footprint-generator")
    (tags diode)
    (path /5F0AC104)
    (attr smd)
    (fp_text reference D3 (at 2.6 1) (layer F.SilkS)
      (effects (font (size 1 1) (thickness 0.15)))
    )
    (fp_text value BLUE (at 3.937 0) (layer F.Fab)
      (effects (font (size 1 1) (thickness 0.15)))
    )
    (fp_text user %R (at 0 0) (layer F.Fab)
      (effects (font (size 0.5 0.5) (thickness 0.08)))
    )
    (fp_line (start 1.68 0.95) (end -1.68 0.95) (layer F.CrtYd) (width 0.05))
    (fp_line (start 1.68 -0.95) (end 1.68 0.95) (layer F.CrtYd) (width 0.05))
    (fp_line (start -1.68 -0.95) (end 1.68 -0.95) (layer F.CrtYd) (width 0.05))
    (fp_line (start -1.68 0.95) (end -1.68 -0.95) (layer F.CrtYd) (width 0.05))
    (fp_line (start -1.685 0.96) (end 1 0.96) (layer F.SilkS) (width 0.12))
    (fp_line (start -1.685 -0.96) (end -1.685 0.96) (layer F.SilkS) (width 0.12))
    (fp_line (start 1 -0.96) (end -1.685 -0.96) (layer F.SilkS) (width 0.12))
    (fp_line (start 1 0.6) (end 1 -0.6) (layer F.Fab) (width 0.1))
    (fp_line (start -1 0.6) (end 1 0.6) (layer F.Fab) (width 0.1))
    (fp_line (start -1 -0.3) (end -1 0.6) (layer F.Fab) (width 0.1))
    (fp_line (start -0.7 -0.6) (end -1 -0.3) (layer F.Fab) (width 0.1))
    (fp_line (start 1 -0.6) (end -0.7 -0.6) (layer F.Fab) (width 0.1))
    (pad 2 smd roundrect (at 0.9375 0) (size 0.975 1.4) (layers F.Cu F.Paste F.Mask) (roundrect_rratio 0.25)
      (net 11 "Net-(D3-Pad2)"))
    (pad 1 smd roundrect (at -0.9375 0) (size 0.975 1.4) (layers F.Cu F.Paste F.Mask) (roundrect_rratio 0.25)
      (net 12 "Net-(D3-Pad1)"))
    (model ${KISYS3DMOD}/LED_SMD.3dshapes/LED_0805_2012Metric.wrl
      (at (xyz 0 0 0))
      (scale (xyz 1 1 1))
      (rotate (xyz 0 0 0))
    )
  )

  (module LED_SMD:LED_0805_2012Metric (layer F.Cu) (tedit 5B36C52C) (tstamp 5F08E570)
    (at 45.593 184.658)
    (descr "LED SMD 0805 (2012 Metric), square (rectangular) end terminal, IPC_7351 nominal, (Body size source: https://docs.google.com/spreadsheets/d/1BsfQQcO9C6DZCsRaXUlFlo91Tg2WpOkGARC1WS5S8t0/edit?usp=sharing), generated with kicad-footprint-generator")
    (tags diode)
    (path /5F179AFD)
    (attr smd)
    (fp_text reference D4 (at 2.607 0.142) (layer F.SilkS)
      (effects (font (size 1 1) (thickness 0.15)))
    )
    (fp_text value BLUE (at 3.683 0) (layer F.Fab)
      (effects (font (size 1 1) (thickness 0.15)))
    )
    (fp_line (start 1 -0.6) (end -0.7 -0.6) (layer F.Fab) (width 0.1))
    (fp_line (start -0.7 -0.6) (end -1 -0.3) (layer F.Fab) (width 0.1))
    (fp_line (start -1 -0.3) (end -1 0.6) (layer F.Fab) (width 0.1))
    (fp_line (start -1 0.6) (end 1 0.6) (layer F.Fab) (width 0.1))
    (fp_line (start 1 0.6) (end 1 -0.6) (layer F.Fab) (width 0.1))
    (fp_line (start 1 -0.96) (end -1.685 -0.96) (layer F.SilkS) (width 0.12))
    (fp_line (start -1.685 -0.96) (end -1.685 0.96) (layer F.SilkS) (width 0.12))
    (fp_line (start -1.685 0.96) (end 1 0.96) (layer F.SilkS) (width 0.12))
    (fp_line (start -1.68 0.95) (end -1.68 -0.95) (layer F.CrtYd) (width 0.05))
    (fp_line (start -1.68 -0.95) (end 1.68 -0.95) (layer F.CrtYd) (width 0.05))
    (fp_line (start 1.68 -0.95) (end 1.68 0.95) (layer F.CrtYd) (width 0.05))
    (fp_line (start 1.68 0.95) (end -1.68 0.95) (layer F.CrtYd) (width 0.05))
    (fp_text user %R (at 0 0) (layer F.Fab)
      (effects (font (size 0.5 0.5) (thickness 0.08)))
    )
    (pad 1 smd roundrect (at -0.9375 0) (size 0.975 1.4) (layers F.Cu F.Paste F.Mask) (roundrect_rratio 0.25)
      (net 13 "Net-(D4-Pad1)"))
    (pad 2 smd roundrect (at 0.9375 0) (size 0.975 1.4) (layers F.Cu F.Paste F.Mask) (roundrect_rratio 0.25)
      (net 1 +3V3))
    (model ${KISYS3DMOD}/LED_SMD.3dshapes/LED_0805_2012Metric.wrl
      (at (xyz 0 0 0))
      (scale (xyz 1 1 1))
      (rotate (xyz 0 0 0))
    )
  )

  (module MountingHole:MountingHole_2.7mm_Pad_Via (layer F.Cu) (tedit 56DDBBFF) (tstamp 5F08C3D3)
    (at 23.6 187.3)
    (descr "Mounting Hole 2.7mm")
    (tags "mounting hole 2.7mm")
    (path /5F1B0888)
    (attr virtual)
    (fp_text reference H1 (at 4.2 0.1) (layer F.SilkS)
      (effects (font (size 1 1) (thickness 0.15)))
    )
    (fp_text value MountingHole_Pad (at 0 3.7) (layer F.Fab)
      (effects (font (size 1 1) (thickness 0.15)))
    )
    (fp_text user %R (at 0.3 0) (layer F.Fab)
      (effects (font (size 1 1) (thickness 0.15)))
    )
    (fp_circle (center 0 0) (end 2.7 0) (layer Cmts.User) (width 0.15))
    (fp_circle (center 0 0) (end 2.95 0) (layer F.CrtYd) (width 0.05))
    (pad 1 thru_hole circle (at 0 0) (size 5.4 5.4) (drill 2.7) (layers *.Cu *.Mask)
      (net 2 GND))
    (pad 1 thru_hole circle (at 2.025 0) (size 0.8 0.8) (drill 0.5) (layers *.Cu *.Mask)
      (net 2 GND))
    (pad 1 thru_hole circle (at 1.431891 1.431891) (size 0.8 0.8) (drill 0.5) (layers *.Cu *.Mask)
      (net 2 GND))
    (pad 1 thru_hole circle (at 0 2.025) (size 0.8 0.8) (drill 0.5) (layers *.Cu *.Mask)
      (net 2 GND))
    (pad 1 thru_hole circle (at -1.431891 1.431891) (size 0.8 0.8) (drill 0.5) (layers *.Cu *.Mask)
      (net 2 GND))
    (pad 1 thru_hole circle (at -2.025 0) (size 0.8 0.8) (drill 0.5) (layers *.Cu *.Mask)
      (net 2 GND))
    (pad 1 thru_hole circle (at -1.431891 -1.431891) (size 0.8 0.8) (drill 0.5) (layers *.Cu *.Mask)
      (net 2 GND))
    (pad 1 thru_hole circle (at 0 -2.025) (size 0.8 0.8) (drill 0.5) (layers *.Cu *.Mask)
      (net 2 GND))
    (pad 1 thru_hole circle (at 1.431891 -1.431891) (size 0.8 0.8) (drill 0.5) (layers *.Cu *.Mask)
      (net 2 GND))
  )

  (module MountingHole:MountingHole_2.7mm_Pad_Via (layer F.Cu) (tedit 56DDBBFF) (tstamp 5F08C3E3)
    (at 126.2 187.3)
    (descr "Mounting Hole 2.7mm")
    (tags "mounting hole 2.7mm")
    (path /5F1B1565)
    (attr virtual)
    (fp_text reference H2 (at 0 -3.7) (layer F.SilkS)
      (effects (font (size 1 1) (thickness 0.15)))
    )
    (fp_text value MountingHole_Pad (at 0 3.7) (layer F.Fab)
      (effects (font (size 1 1) (thickness 0.15)))
    )
    (fp_circle (center 0 0) (end 2.95 0) (layer F.CrtYd) (width 0.05))
    (fp_circle (center 0 0) (end 2.7 0) (layer Cmts.User) (width 0.15))
    (fp_text user %R (at 0.3 0) (layer F.Fab)
      (effects (font (size 1 1) (thickness 0.15)))
    )
    (pad 1 thru_hole circle (at 1.431891 -1.431891) (size 0.8 0.8) (drill 0.5) (layers *.Cu *.Mask)
      (net 2 GND))
    (pad 1 thru_hole circle (at 0 -2.025) (size 0.8 0.8) (drill 0.5) (layers *.Cu *.Mask)
      (net 2 GND))
    (pad 1 thru_hole circle (at -1.431891 -1.431891) (size 0.8 0.8) (drill 0.5) (layers *.Cu *.Mask)
      (net 2 GND))
